9.999923e-01      0.000000e+00
9.899410e-01      4.277473e-04
9.656498e-01      -2.600155e-04
9.560503e-01      4.331513e-04
9.471979e-01      1.387399e-03
9.342976e-01      1.729331e-03
9.338452e-01      4.399063e-04
9.227522e-01      -8.342423e-05
9.355152e-01      1.247077e-06
9.199010e-01      -1.224603e-03
9.377512e-01      -4.336189e-04
9.334074e-01      -1.210340e-03
9.404512e-01      8.906205e-05
9.599435e-01      -1.300883e-03
9.701472e-01      -6.081837e-04
9.858975e-01      1.774226e-04
